xof 0303txt 0032
template ColorRGBA {
 <35ff44e0-6c7c-11cf-8f52-0040333594a3>
 FLOAT red;
 FLOAT green;
 FLOAT blue;
 FLOAT alpha;
}

template ColorRGB {
 <d3e16e81-7835-11cf-8f52-0040333594a3>
 FLOAT red;
 FLOAT green;
 FLOAT blue;
}

template Material {
 <3d82ab4d-62da-11cf-ab39-0020af71e433>
 ColorRGBA faceColor;
 FLOAT power;
 ColorRGB specularColor;
 ColorRGB emissiveColor;
 [...]
}

template TextureFilename {
 <a42790e1-7810-11cf-8f52-0040333594a3>
 STRING filename;
}

template Frame {
 <3d82ab46-62da-11cf-ab39-0020af71e433>
 [...]
}

template Matrix4x4 {
 <f6f23f45-7686-11cf-8f52-0040333594a3>
 array FLOAT matrix[16];
}

template FrameTransformMatrix {
 <f6f23f41-7686-11cf-8f52-0040333594a3>
 Matrix4x4 frameMatrix;
}

template Vector {
 <3d82ab5e-62da-11cf-ab39-0020af71e433>
 FLOAT x;
 FLOAT y;
 FLOAT z;
}

template MeshFace {
 <3d82ab5f-62da-11cf-ab39-0020af71e433>
 DWORD nFaceVertexIndices;
 array DWORD faceVertexIndices[nFaceVertexIndices];
}

template Mesh {
 <3d82ab44-62da-11cf-ab39-0020af71e433>
 DWORD nVertices;
 array Vector vertices[nVertices];
 DWORD nFaces;
 array MeshFace faces[nFaces];
 [...]
}

template MeshNormals {
 <f6f23f43-7686-11cf-8f52-0040333594a3>
 DWORD nNormals;
 array Vector normals[nNormals];
 DWORD nFaceNormals;
 array MeshFace faceNormals[nFaceNormals];
}

template MeshMaterialList {
 <f6f23f42-7686-11cf-8f52-0040333594a3>
 DWORD nMaterials;
 DWORD nFaceIndexes;
 array DWORD faceIndexes[nFaceIndexes];
 [Material <3d82ab4d-62da-11cf-ab39-0020af71e433>]
}

template Coords2d {
 <f6f23f44-7686-11cf-8f52-0040333594a3>
 FLOAT u;
 FLOAT v;
}

template MeshTextureCoords {
 <f6f23f40-7686-11cf-8f52-0040333594a3>
 DWORD nTextureCoords;
 array Coords2d textureCoords[nTextureCoords];
}

template XSkinMeshHeader {
 <3cf169ce-ff7c-44ab-93c0-f78f62d172e2>
 WORD nMaxSkinWeightsPerVertex;
 WORD nMaxSkinWeightsPerFace;
 WORD nBones;
}

template SkinWeights {
 <6f0d123b-bad2-4167-a0d0-80224f25fabb>
 STRING transformNodeName;
 DWORD nWeights;
 array DWORD vertexIndices[nWeights];
 array FLOAT weights[nWeights];
 Matrix4x4 matrixOffset;
}

template AnimTicksPerSecond {
 <9e415a43-7ba6-4a73-8743-b73d47e88476>
 DWORD AnimTicksPerSecond;
}

template Animation {
 <3d82ab4f-62da-11cf-ab39-0020af71e433>
 [...]
}

template AnimationSet {
 <3d82ab50-62da-11cf-ab39-0020af71e433>
 [Animation <3d82ab4f-62da-11cf-ab39-0020af71e433>]
}

template FloatKeys {
 <10dd46a9-775b-11cf-8f52-0040333594a3>
 DWORD nValues;
 array FLOAT values[nValues];
}

template TimedFloatKeys {
 <f406b180-7b3b-11cf-8f52-0040333594a3>
 DWORD time;
 FloatKeys tfkeys;
}

template AnimationKey {
 <10dd46a8-775b-11cf-8f52-0040333594a3>
 DWORD keyType;
 DWORD nKeys;
 array TimedFloatKeys keys[nKeys];
}


Material Kinoesaru_Retake_Nagai_Yui_tx {
 1.000000;1.000000;1.000000;1.000000;;
 0.000000;
 0.000000;0.000000;0.000000;;
 0.000000;0.000000;0.000000;;

 TextureFilename {
  "Kinoesaru_Yui_UV.png";
 }
}

Frame Yui_image {
 

 FrameTransformMatrix {
  1.000000,0.000000,0.000000,0.000000,0.000000,1.000000,0.000000,0.000000,0.000000,0.000000,1.000000,0.000000,0.000000,0.000000,0.000000,1.000000;;
 }

 Frame Kinoesaru_Retake_Nagai_Hip {
  

  FrameTransformMatrix {
   -0.000000,0.392467,0.031141,0.000000,0.393701,-0.000000,0.000000,0.000000,0.000000,0.031141,-0.392467,0.000000,0.000000,35.605411,-0.191694,1.000000;;
  }

  Frame Kinoesaru_Retake_Nagai_Spine {
   

   FrameTransformMatrix {
    0.981287,-0.000000,0.192550,0.000000,0.000000,1.000000,0.000000,0.000000,-0.192550,0.000000,0.981287,0.000000,6.719162,0.000000,0.000000,1.000000;;
   }

   Frame Kinoesaru_Retake_Nagai_Chest {
    

    FrameTransformMatrix {
     0.888266,-0.000000,-0.459330,0.000000,0.000000,1.000000,-0.000000,0.000000,0.459330,0.000000,0.888266,0.000000,16.709634,-0.000000,-0.000001,1.000000;;
    }

    Frame Kinoesaru_Retake_Nagai_Neck {
     

     FrameTransformMatrix {
      0.807860,-0.000001,0.589374,0.000000,0.000002,1.000000,-0.000001,0.000000,-0.589374,0.000002,0.807860,0.000000,17.936410,-0.000000,0.000000,1.000000;;
     }

     Frame Kinoesaru_Retake_Nagai_Head1 {
      

      FrameTransformMatrix {
       0.991487,-0.000007,-0.130206,0.000000,0.000006,1.000000,-0.000002,0.000000,0.130206,0.000001,0.991487,0.000000,7.499443,0.000000,-0.000008,1.000000;;
      }
     }
    }

    Frame Kinoesaru_Retake_Nagai_LeftScarf1 {
     

     FrameTransformMatrix {
      0.395129,0.906308,0.149930,0.000000,0.354763,0.000000,-0.934956,0.000000,-0.847358,0.422618,-0.321525,0.000000,25.300072,4.450588,-5.487438,1.000000;;
     }
    }

    Frame Kinoesaru_Retake_Nagai_RightScarf1 {
     

     FrameTransformMatrix {
      -0.395130,0.906308,-0.149929,0.000000,-0.354763,-0.000000,0.934956,0.000000,0.847358,0.422619,0.321525,0.000000,25.300408,-4.450568,-5.487293,1.000000;;
     }
    }

    Frame Kinoesaru_Retake_Nagai_LeftArm1 {
     

     FrameTransformMatrix {
      0.124635,0.938133,-0.323068,0.000000,-0.934954,0.002042,-0.354763,0.000000,-0.332155,0.346269,0.877366,0.000000,14.805686,3.701488,2.450954,1.000000;;
     }

     Frame Kinoesaru_Retake_Nagai_LeftArm2 {
      

      FrameTransformMatrix {
       0.941302,0.001302,0.337564,0.000000,-0.002267,0.999995,0.002465,0.000000,-0.337559,-0.003086,0.941299,0.000000,8.228210,-0.051132,-0.206186,1.000000;;
      }

      Frame Kinoesaru_Retake_Nagai_LeftArm3 {
       

       FrameTransformMatrix {
        0.999606,0.000000,0.028070,0.000000,-0.000000,1.000000,-0.000000,0.000000,-0.028070,0.000000,0.999606,0.000000,19.646022,0.000000,0.000000,1.000000;;
       }

       Frame Kinoesaru_Retake_Nagai_LeftArm4 {
        

        FrameTransformMatrix {
         0.999989,-0.001262,-0.004543,0.000000,0.001258,0.999999,-0.000833,0.000000,0.004544,0.000828,0.999989,0.000000,21.020934,0.000000,0.000000,1.000000;;
        }

        Frame Kinoesaru_Retake_Nagai_LeftThumb1 {
         

         FrameTransformMatrix {
          0.996949,0.071020,0.032392,0.000000,0.048993,-0.892366,0.448646,0.000000,0.060768,-0.445690,-0.893122,0.000000,4.730332,0.164658,3.041072,1.000000;;
         }

         Frame Kinoesaru_Retake_Nagai_LeftThumb2 {
          

          FrameTransformMatrix {
           1.000000,0.000000,0.000000,0.000000,0.000000,1.000000,0.000000,0.000000,0.000000,-0.000000,1.000000,0.000000,2.904911,0.000000,0.000004,1.000000;;
          }

          Frame Kinoesaru_Retake_Nagai_LeftThumb3 {
           

           FrameTransformMatrix {
            0.998421,0.000000,0.056170,0.000000,0.000000,1.000000,0.000000,0.000000,-0.056170,-0.000000,0.998421,0.000000,2.317303,-0.000023,0.000000,1.000000;;
           }
          }
         }
        }

        Frame Kinoesaru_Retake_Nagai_LeftIndex1 {
         

         FrameTransformMatrix {
          0.998121,0.002040,-0.061237,0.000000,-0.060757,-0.096289,-0.993497,0.000000,-0.007924,0.995352,-0.095984,0.000000,9.169602,-1.618790,1.040523,1.000000;;
         }

         Frame Kinoesaru_Retake_Nagai_LeftIndex2 {
          

          FrameTransformMatrix {
           1.000000,0.000000,-0.000000,0.000000,0.000000,1.000000,-0.000000,0.000000,0.000000,-0.000000,1.000000,0.000000,2.871414,0.000002,0.000015,1.000000;;
          }

          Frame Kinoesaru_Retake_Nagai_LeftIndex3 {
           

           FrameTransformMatrix {
            1.000000,0.000000,-0.000000,0.000000,0.000000,1.000000,0.000000,0.000000,0.000000,0.000000,1.000000,0.000000,2.209709,0.000001,0.000000,1.000000;;
           }
          }
         }
        }

        Frame Kinoesaru_Retake_Nagai_LeftMiddle1 {
         

         FrameTransformMatrix {
          0.986287,-0.057734,-0.154615,0.000000,-0.154399,0.008196,-0.987975,0.000000,0.058307,0.998299,-0.000830,0.000000,8.993065,-1.722549,-0.875302,1.000000;;
         }

         Frame Kinoesaru_Retake_Nagai_LeftMiddle2 {
          

          FrameTransformMatrix {
           1.000000,0.000000,0.000000,0.000000,0.000000,1.000000,0.000000,0.000000,0.000000,0.000000,1.000000,0.000000,2.992493,0.000001,0.000000,1.000000;;
          }

          Frame Kinoesaru_Retake_Nagai_LeftMiddle3 {
           

           FrameTransformMatrix {
            1.000000,-0.000000,0.000000,0.000000,-0.000000,1.000000,-0.000000,0.000000,0.000000,0.000000,1.000000,0.000000,2.605766,-0.000000,0.000031,1.000000;;
           }
          }
         }
        }

        Frame Kinoesaru_Retake_Nagai_LeftRing1 {
         

         FrameTransformMatrix {
          0.965466,-0.045409,-0.256541,0.000000,-0.225921,0.344480,-0.911204,0.000000,0.129750,0.937695,0.322325,0.000000,8.231530,-1.135269,-2.704649,1.000000;;
         }

         Frame Kinoesaru_Retake_Nagai_LeftRing2 {
          

          FrameTransformMatrix {
           1.000000,0.000000,-0.000000,0.000000,0.000000,1.000000,0.000000,0.000000,0.000000,0.000000,1.000000,0.000000,2.666138,0.000004,-0.000008,1.000000;;
          }

          Frame Kinoesaru_Retake_Nagai_LeftRing3 {
           

           FrameTransformMatrix {
            1.000000,0.000000,-0.000000,0.000000,0.000000,1.000000,0.000000,0.000000,0.000000,0.000000,1.000000,0.000000,2.109886,-0.000004,0.000000,1.000000;;
           }
          }
         }
        }

        Frame Kinoesaru_Retake_Nagai_LeftLittle1 {
         

         FrameTransformMatrix {
          0.924157,0.059111,-0.377412,0.000000,-0.377570,0.291578,-0.878876,0.000000,0.058094,0.954719,0.291783,0.000000,7.426384,-0.731979,-4.285457,1.000000;;
         }

         Frame Kinoesaru_Retake_Nagai_LeftLittle2 {
          

          FrameTransformMatrix {
           1.000000,-0.000000,-0.000000,0.000000,0.000000,1.000000,0.000000,0.000000,-0.000000,0.000000,1.000000,0.000000,1.615868,0.000004,0.000015,1.000000;;
          }

          Frame Kinoesaru_Retake_Nagai_LeftLittle3 {
           

           FrameTransformMatrix {
            1.000000,0.000000,-0.000000,0.000000,0.000000,1.000000,0.000000,0.000000,-0.000000,0.000000,1.000000,0.000000,1.560005,-0.000008,0.000000,1.000000;;
           }
          }
         }
        }
       }
      }
     }
    }

    Frame Kinoesaru_Retake_Nagai_RightArm1 {
     

     FrameTransformMatrix {
      -0.124636,0.938133,0.323068,0.000000,0.934954,0.002043,0.354763,0.000000,0.332154,0.346270,-0.877366,0.000000,14.805595,-3.701473,2.450920,1.000000;;
     }

     Frame Kinoesaru_Retake_Nagai_RightArm2 {
      

      FrameTransformMatrix {
       0.943375,0.000030,0.331730,0.000000,-0.000708,0.999998,0.001922,0.000000,-0.331729,-0.002048,0.943373,0.000000,-8.159528,0.000397,-0.000002,1.000000;;
      }

      Frame Kinoesaru_Retake_Nagai_RightArm3 {
       

       FrameTransformMatrix {
        0.999558,0.000002,0.029714,0.000000,-0.000002,1.000000,-0.000000,0.000000,-0.029714,-0.000000,0.999559,0.000000,-19.646077,-0.000122,0.000000,1.000000;;
       }

       Frame Kinoesaru_Retake_Nagai_RightArm4 {
        

        FrameTransformMatrix {
         1.000000,0.000000,0.000000,0.000000,0.000000,1.000000,0.000000,0.000000,-0.000000,0.000000,1.000000,0.000000,-21.020878,0.000031,-0.000005,1.000000;;
        }

        Frame Kinoesaru_Retake_Nagai_RightThumb1 {
         

         FrameTransformMatrix {
          0.996949,0.071020,0.032392,0.000000,0.048993,-0.892365,0.448646,0.000000,0.060768,-0.445690,-0.893122,0.000000,-4.730354,-0.164566,-3.041068,1.000000;;
         }

         Frame Kinoesaru_Retake_Nagai_RightThumb2 {
          

          FrameTransformMatrix {
           1.000000,0.000000,0.000000,0.000000,-0.000000,1.000000,0.000000,0.000000,0.000000,0.000000,1.000000,0.000000,-2.904922,0.000526,0.000267,1.000000;;
          }

          Frame Kinoesaru_Retake_Nagai_RightThumb3 {
           

           FrameTransformMatrix {
            0.998421,-0.000000,0.056170,0.000000,0.000000,1.000000,0.000000,0.000000,-0.056170,0.000000,0.998421,0.000000,-2.317348,0.000137,0.000053,1.000000;;
           }
          }
         }
        }

        Frame Kinoesaru_Retake_Nagai_RightIndex1 {
         

         FrameTransformMatrix {
          0.998121,0.002040,-0.061237,0.000000,-0.060757,-0.096289,-0.993498,0.000000,-0.007924,0.995351,-0.095984,0.000000,-9.169670,1.618301,-1.040514,1.000000;;
         }

         Frame Kinoesaru_Retake_Nagai_RightIndex2 {
          

          FrameTransformMatrix {
           1.000000,-0.000000,-0.000000,0.000000,-0.000000,1.000000,0.000000,0.000000,0.000000,0.000000,1.000000,0.000000,-2.871376,0.000000,0.000000,1.000000;;
          }

          Frame Kinoesaru_Retake_Nagai_RightIndex3 {
           

           FrameTransformMatrix {
            1.000000,0.000000,-0.000000,0.000000,-0.000000,1.000000,-0.000000,0.000000,-0.000000,0.000000,1.000000,0.000000,-2.209641,-0.000004,0.000000,1.000000;;
           }
          }
         }
        }

        Frame Kinoesaru_Retake_Nagai_RightMiddle1 {
         

         FrameTransformMatrix {
          0.986287,-0.057734,-0.154615,0.000000,-0.154399,0.008196,-0.987975,0.000000,0.058307,0.998298,-0.000830,0.000000,-8.993091,1.722610,0.875306,1.000000;;
         }

         Frame Kinoesaru_Retake_Nagai_RightMiddle2 {
          

          FrameTransformMatrix {
           0.963971,0.000000,0.266008,0.000000,-0.000000,1.000000,0.000000,0.000000,-0.266008,0.000000,0.963971,0.000000,-2.992523,0.000003,0.000191,1.000000;;
          }

          Frame Kinoesaru_Retake_Nagai_RightMiddle3 {
           

           FrameTransformMatrix {
            0.961384,-0.039771,0.272320,0.000000,0.022990,0.997650,0.064541,0.000000,-0.274247,-0.055788,0.960039,0.000000,-2.605728,-0.000010,-0.000702,1.000000;;
           }
          }
         }
        }

        Frame Kinoesaru_Retake_Nagai_RightRing1 {
         

         FrameTransformMatrix {
          0.965466,-0.045409,-0.256541,0.000000,-0.225921,0.344480,-0.911204,0.000000,0.129750,0.937695,0.322325,0.000000,-8.231560,1.135101,2.704659,1.000000;;
         }

         Frame Kinoesaru_Retake_Nagai_RightRing2 {
          

          FrameTransformMatrix {
           0.935778,0.000000,0.352591,0.000000,0.000000,1.000000,-0.000000,0.000000,-0.352591,0.000000,0.935778,0.000000,-2.666130,-0.000114,-0.000328,1.000000;;
          }

          Frame Kinoesaru_Retake_Nagai_RightRing3 {
           

           FrameTransformMatrix {
            0.952998,0.000000,0.302978,0.000000,0.000000,1.000000,-0.000000,0.000000,-0.302978,0.000000,0.952998,0.000000,-2.109856,0.000004,0.000015,1.000000;;
           }
          }
         }
        }

        Frame Kinoesaru_Retake_Nagai_RightLittle1 {
         

         FrameTransformMatrix {
          0.924157,0.059111,-0.377412,0.000000,-0.377570,0.291578,-0.878876,0.000000,0.058094,0.954719,0.291783,0.000000,-7.426354,0.731720,4.285464,1.000000;;
         }

         Frame Kinoesaru_Retake_Nagai_RightLittle2 {
          

          FrameTransformMatrix {
           0.918719,0.000000,0.394913,0.000000,0.000000,1.000000,0.000000,0.000000,-0.394913,0.000000,0.918719,0.000000,-1.615898,0.000156,0.000412,1.000000;;
          }

          Frame Kinoesaru_Retake_Nagai_RightLittle3 {
           

           FrameTransformMatrix {
            0.967282,0.000000,0.253705,0.000000,0.000000,1.000000,0.000000,0.000000,-0.253705,-0.000000,0.967282,0.000000,-1.560040,-0.000221,-0.000717,1.000000;;
           }
          }
         }
        }
       }
      }
     }
    }
   }
  }

  Frame Kinoesaru_Retake_Nagai_LeftLeg1 {
   

   FrameTransformMatrix {
    -0.997075,0.000241,-0.076427,0.000000,0.000406,0.999998,-0.002142,0.000000,0.076426,-0.002167,-0.997073,0.000000,-8.319122,10.000002,-1.050901,1.000000;;
   }

   Frame Kinoesaru_Retake_Nagai_LeftLeg2 {
    

    FrameTransformMatrix {
     0.995475,0.000000,0.095026,0.000000,-0.000000,1.000000,-0.000000,0.000000,-0.095026,-0.000000,0.995475,0.000000,32.853773,0.000000,0.000000,1.000000;;
    }

    Frame Kinoesaru_Retake_Nagai_LeftLeg3 {
     

     FrameTransformMatrix {
      0.146544,-0.001010,-0.989204,0.000000,0.000148,1.000000,-0.000999,0.000000,0.989204,-0.000000,0.146544,0.000000,42.546038,0.000000,0.000001,1.000000;;
     }
    }
   }
  }

  Frame Kinoesaru_Retake_Nagai_RightLeg1 {
   

   FrameTransformMatrix {
    0.997075,0.000240,0.076427,0.000000,-0.000404,0.999998,0.002130,0.000000,-0.076426,-0.002155,0.997073,0.000000,-8.319084,-10.000002,-1.050902,1.000000;;
   }

   Frame Kinoesaru_Retake_Nagai_RightLeg2 {
    

    FrameTransformMatrix {
     0.995475,-0.000000,0.095026,0.000000,0.000000,1.000000,-0.000000,0.000000,-0.095026,0.000000,0.995475,0.000000,-32.853808,-0.000013,0.000000,1.000000;;
    }

    Frame Kinoesaru_Retake_Nagai_RightLeg3 {
     

     FrameTransformMatrix {
      0.146544,-0.001010,-0.989204,0.000000,0.000148,1.000000,-0.000999,0.000000,0.989204,0.000000,0.146544,0.000000,-42.546045,-0.000030,0.000004,1.000000;;
     }
    }
   }
  }

  Frame Kinoesaru_Retake_Nagai_Tail1 {
   

   FrameTransformMatrix {
    0.079097,0.000000,-0.996867,0.000000,-0.000003,-1.000000,-0.000000,0.000000,-0.996867,0.000003,-0.079097,0.000000,8.710694,-0.000008,-9.495702,1.000000;;
   }

   Frame Kinoesaru_Retake_Nagai_Tail2 {
    

    FrameTransformMatrix {
     1.000000,-0.000000,0.000000,0.000000,-0.000000,1.000000,-0.000000,0.000000,0.000000,0.000000,1.000000,0.000000,19.144939,0.000000,0.000000,1.000000;;
    }

    Frame Kinoesaru_Retake_Nagai_Tail3 {
     

     FrameTransformMatrix {
      1.000000,-0.000000,-0.000000,0.000000,0.000000,1.000000,-0.000015,0.000000,0.000000,0.000015,1.000000,0.000000,20.481533,-0.000000,0.000000,1.000000;;
     }

     Frame Kinoesaru_Retake_Nagai_Tail4 {
      

      FrameTransformMatrix {
       1.000000,-0.000000,0.000000,0.000000,-0.000000,1.000000,0.000000,0.000000,0.000000,0.000000,1.000000,0.000000,22.115674,-0.000000,0.000000,1.000000;;
      }
     }
    }
   }
  }
 }

 Frame Kinoesaru_Retake_Nagai_polySurface6 {
  

  FrameTransformMatrix {
   0.393701,0.000000,0.000000,0.000000,0.000000,-0.000000,-0.393701,0.000000,0.000000,0.393701,-0.000000,0.000000,0.368049,59.566899,1.546310,1.000000;;
  }

  Mesh Kinoesaru_Retake_Nagai_polySurface6 {
   7176;
   -8.866532;6.278420;5.495392;,
   -6.808224;8.850386;7.470306;,
   -7.766318;9.540796;5.623291;,
   -7.895163;6.043045;7.022827;,
   -5.300716;10.545079;7.785416;,
   -5.901056;11.688829;6.015503;,
   -3.309781;12.102302;8.032898;,
   -3.625398;13.372690;6.450714;,
   -1.102813;12.426124;8.158234;,
   -1.102813;13.740149;6.576065;,
   1.104155;12.102302;8.032898;,
   1.419772;13.372690;6.450714;,
   3.095089;10.545079;7.785416;,
   3.695428;11.688827;6.015503;,
   4.602597;8.850386;7.470306;,
   5.560690;9.540796;5.623291;,
   5.689536;6.043044;7.022827;,
   6.660905;6.278420;5.495392;,
   -8.661790;9.642266;3.897003;,
   -6.872038;7.372028;4.067795;,
   -9.774414;5.954598;4.067795;,
   -6.010408;9.825438;3.897003;,
   -6.462156;12.214006;4.361282;,
   -4.668389;11.536419;4.361282;,
   -3.920386;14.016232;4.971985;,
   -2.977347;12.735440;4.971985;,
   -1.102813;14.424475;5.097351;,
   -1.102813;13.007046;5.097351;,
   1.714761;14.016232;4.971985;,
   0.771721;12.735440;4.971985;,
   4.256530;12.214006;4.361282;,
   2.462762;11.536419;4.361282;,
   6.456163;9.642266;3.897003;,
   3.804780;9.825438;3.897003;,
   7.568786;5.954596;4.067795;,
   4.666410;7.372027;4.067795;,
   -4.898628;9.298599;7.470306;,
   -5.621770;7.430873;7.022827;,
   -3.895682;10.426080;7.785416;,
   -2.571111;11.462103;8.032898;,
   -1.102813;11.677540;8.158234;,
   0.365484;11.462103;8.032898;,
   1.690054;10.426080;7.785416;,
   2.693001;9.298599;7.470306;,
   3.416142;7.430873;7.022827;,
   10.265788;-0.943376;2.206177;,
   8.021122;-4.308050;4.122513;,
   8.592982;-4.593492;2.206177;,
   9.593528;-0.793309;4.122513;,
   5.572046;-7.097362;4.122513;,
   5.987252;-7.490243;2.206177;,
   2.486030;-8.888213;4.122513;,
   2.704317;-9.350069;2.206177;,
   -0.934845;-9.505296;4.122513;,
   -0.934845;-9.990922;2.206177;,
   -4.355720;-8.888210;4.122513;,
   -4.574008;-9.350069;2.206177;,
   -7.441736;-7.097362;4.122513;,
   -7.856940;-7.490239;2.206177;,
   -9.890810;-4.308045;4.122513;,
   -10.462670;-4.593492;2.206177;,
   -11.463212;-0.793306;4.122513;,
   -12.135474;-0.943375;2.206177;,
   7.328246;-3.840124;5.943237;,
   8.778999;-0.547307;5.943237;,
   5.068641;-6.453318;5.943237;,
   2.221374;-8.131094;5.943237;,
   -0.934845;-8.709214;5.943237;,
   -4.091064;-8.131094;5.943237;,
   -6.938328;-6.453317;5.943237;,
   -9.197933;-3.840122;5.943237;,
   -10.648686;-0.547305;5.943237;,
   5.420232;-2.814754;2.206177;,
   4.471108;-4.885778;2.206177;,
   2.992653;-6.529349;2.206177;,
   1.129963;-7.584587;2.206177;,
   -0.934844;-7.948198;2.206177;,
   -2.999652;-7.584587;2.206177;,
   -4.862342;-6.529348;2.206177;,
   -6.340794;-4.885778;2.206177;,
   -7.289919;-2.814752;2.206177;,
   3.753513;-4.458322;5.943237;,
   4.576650;-2.590030;5.943237;,
   2.471447;-5.941013;5.943237;,
   0.855949;-6.892959;5.943237;,
   -0.934844;-7.220976;5.943237;,
   -2.725637;-6.892959;5.943237;,
   -4.341134;-5.941012;5.943237;,
   -5.623201;-4.458322;5.943237;,
   -6.446336;-2.590029;5.943237;,
   15.197979;-1.058991;9.287323;,
   13.832109;0.412767;10.273498;,
   13.893000;-0.668748;10.780304;,
   15.011314;0.060136;8.924423;,
   12.129359;-0.141348;11.614350;,
   10.524721;1.401812;11.395172;,
   10.232848;0.425787;12.021576;,
   12.238447;0.889338;11.027191;,
   8.336337;0.992922;11.614350;,
   7.217332;2.390858;10.273498;,
   6.572698;1.520322;10.780289;,
   8.810993;1.914287;11.027176;,
   5.267718;1.910565;9.287308;,
   4.978984;3.060216;5.522095;,
   4.095610;2.261074;5.522095;,
   6.038124;2.743489;8.924423;,
   6.038126;2.743489;2.119766;,
   5.267718;1.910565;1.756866;,
   8.810994;1.914287;0.017014;,
   8.336338;0.992922;-0.570160;,
   12.238447;0.889338;0.017014;,
   12.129360;-0.141348;-0.570160;,
   13.832107;0.412768;0.770691;,
   13.892998;-0.668748;0.263901;,
   15.197979;-1.058991;1.756882;,
   15.876184;-0.198496;3.707214;,
   16.155096;-1.345208;3.513657;,
   15.011314;0.060136;2.119766;,
   16.370086;-1.409500;5.522095;,
   15.876184;-0.198496;7.336975;,
   16.155098;-1.345209;7.530548;,
   16.070456;-0.256591;5.522095;,
   10.900758;-1.710955;9.375656;,
   9.546286;-1.870094;5.522095;,
   12.016322;-2.044554;8.848083;,
   8.501541;-0.993490;9.375656;,
   9.701150;-1.352222;9.633240;,
   6.560534;-0.413049;7.903732;,
   7.385978;-0.659891;8.848083;,
   5.819135;-0.191340;5.522095;,
   6.560534;-0.413049;3.140457;,
   8.501542;-0.993490;1.668533;,
   10.900760;-1.710955;1.668533;,
   12.841766;-2.291396;3.140457;,
   12.016322;-2.044554;2.196106;,
   13.583166;-2.513105;5.522095;,
   13.447176;-2.472438;4.251678;,
   12.841767;-2.291396;7.903732;,
   13.447178;-2.472438;6.792511;,
   12.589332;-0.128397;8.848083;,
   13.414777;-0.375238;7.903732;,
   10.274160;0.563935;9.633240;,
   11.473769;0.205203;9.375656;,
   7.958989;1.256266;8.848083;,
   9.074551;0.922667;9.375656;,
   6.392145;1.724817;5.522095;,
   7.133544;1.503109;7.903732;,
   7.133544;1.503108;3.140457;,
   9.074553;0.922667;1.668533;,
   11.473769;0.205203;1.668533;,
   12.589332;-0.128397;2.196106;,
   14.020187;-0.556281;4.251678;,
   13.414777;-0.375238;3.140457;,
   14.020187;-0.556281;6.792511;,
   14.156176;-0.596947;5.522095;,
   10.119296;0.046063;5.522095;,
   11.665437;-1.026820;11.027191;,
   9.951710;-0.514346;11.395172;,
   14.438306;-1.856021;8.924423;,
   13.259099;-1.503390;10.273498;,
   15.497446;-2.172748;5.522095;,
   15.303174;-2.114653;7.336975;,
   14.438306;-1.856021;2.119766;,
   15.303174;-2.114653;3.707214;,
   11.665438;-1.026820;0.017014;,
   13.259098;-1.503390;0.770691;,
   8.237984;-0.001870;0.017014;,
   5.465116;0.827331;2.119766;,
   4.405974;1.144058;5.522095;,
   5.465115;0.827332;8.924423;,
   8.237982;-0.001870;11.027176;,
   6.644322;0.474700;10.273498;,
   13.893000;-0.668748;10.780304;,
   15.197979;-1.058991;9.287323;,
   10.232848;0.425787;12.021576;,
   12.129359;-0.141348;11.614350;,
   6.572698;1.520322;10.780289;,
   8.336337;0.992922;11.614350;,
   4.095610;2.261074;5.522095;,
   5.267718;1.910565;9.287308;,
   5.267718;1.910565;1.756866;,
   8.336338;0.992922;-0.570160;,
   12.129360;-0.141348;-0.570160;,
   13.892998;-0.668748;0.263901;,
   16.155096;-1.345208;3.513657;,
   15.197979;-1.058991;1.756882;,
   16.155098;-1.345209;7.530548;,
   16.370086;-1.409500;5.522095;,
   -15.762690;-0.668748;10.780304;,
   -14.108138;0.889338;11.027191;,
   -15.701798;0.412767;10.273498;,
   -13.999050;-0.141348;11.614350;,
   -12.102538;0.425787;12.021576;,
   -10.680683;1.914287;11.027176;,
   -12.394411;1.401812;11.395172;,
   -10.206027;0.992922;11.614350;,
   -8.442389;1.520322;10.780289;,
   -7.907814;2.743489;8.924423;,
   -9.087022;2.390858;10.273498;,
   -7.137408;1.910565;9.287308;,
   -6.848674;3.060216;5.522095;,
   -5.965300;2.261074;5.522095;,
   -7.907815;2.743489;2.119766;,
   -7.137408;1.910565;1.756866;,
   -10.680684;1.914287;0.017014;,
   -10.206028;0.992922;-0.570160;,
   -14.108138;0.889338;0.017014;,
   -13.999050;-0.141348;-0.570160;,
   -15.762688;-0.668748;0.263901;,
   -16.881005;0.060136;2.119766;,
   -15.701797;0.412768;0.770691;,
   -17.067669;-1.058991;1.756882;,
   -18.024786;-1.345208;3.513657;,
   -17.940146;-0.256591;5.522095;,
   -17.745875;-0.198496;3.707214;,
   -18.239776;-1.409500;5.522095;,
   -18.024787;-1.345209;7.530548;,
   -16.881005;0.060136;8.924423;,
   -17.745875;-0.198496;7.336975;,
   -17.067669;-1.058991;9.287323;,
   -13.886013;-2.044554;8.848083;,
   -14.711458;-2.291396;7.903732;,
   -11.415975;-1.870094;5.522095;,
   -11.570840;-1.352222;9.633240;,
   -12.770449;-1.710955;9.375656;,
   -9.255669;-0.659891;8.848083;,
   -10.371231;-0.993490;9.375656;,
   -7.688825;-0.191340;5.522095;,
   -8.430223;-0.413049;7.903732;,
   -8.430225;-0.413049;3.140457;,
   -10.371232;-0.993490;1.668533;,
   -12.770450;-1.710955;1.668533;,
   -13.886013;-2.044554;2.196106;,
   -15.316866;-2.472438;4.251678;,
   -14.711456;-2.291396;3.140457;,
   -15.316867;-2.472438;6.792511;,
   -15.452856;-2.513105;5.522095;,
   -13.343459;0.205203;9.375656;,
   -14.459021;-0.128397;8.848083;,
   -10.944242;0.922667;9.375656;,
   -12.143850;0.563935;9.633240;,
   -9.003234;1.503109;7.903732;,
   -9.828679;1.256266;8.848083;,
   -8.261835;1.724817;5.522095;,
   -9.003234;1.503108;3.140457;,
   -10.944242;0.922667;1.668533;,
   -13.343459;0.205203;1.668533;,
   -15.284467;-0.375238;3.140457;,
   -14.459021;-0.128397;2.196106;,
   -16.025866;-0.596947;5.522095;,
   -15.889877;-0.556281;4.251678;,
   -15.284467;-0.375238;7.903732;,
   -15.889877;-0.556281;6.792511;,
   -11.988986;0.046063;5.522095;,
   -10.107673;-0.001870;11.027176;,
   -11.821401;-0.514346;11.395172;,
   -13.535126;-1.026820;11.027191;,
   -15.128789;-1.503390;10.273498;,
   -16.307995;-1.856021;8.924423;,
   -17.172866;-2.114653;7.336975;,
   -17.367136;-2.172748;5.522095;,
   -17.172866;-2.114653;3.707214;,
   -16.307995;-1.856021;2.119766;,
   -15.128787;-1.503390;0.770691;,
   -13.535128;-1.026820;0.017014;,
   -10.107674;-0.001870;0.017014;,
   -7.334806;0.827331;2.119766;,
   -6.275664;1.144058;5.522095;,
   -7.334805;0.827332;8.924423;,
   -8.514012;0.474700;10.273498;,
   -13.999050;-0.141348;11.614350;,
   -15.762690;-0.668748;10.780304;,
   -10.206027;0.992922;11.614350;,
   -12.102538;0.425787;12.021576;,
   -7.137408;1.910565;9.287308;,
   -8.442389;1.520322;10.780289;,
   -5.965300;2.261074;5.522095;,
   -7.137408;1.910565;1.756866;,
   -10.206028;0.992922;-0.570160;,
   -13.999050;-0.141348;-0.570160;,
   -17.067669;-1.058991;1.756882;,
   -15.762688;-0.668748;0.263901;,
   -18.239776;-1.409500;5.522095;,
   -18.024786;-1.345208;3.513657;,
   -17.067669;-1.058991;9.287323;,
   -18.024787;-1.345209;7.530548;,
   14.619435;0.929118;3.460251;,
   15.501915;0.269975;4.241791;,
   15.291494;0.854218;3.456375;,
   12.946529;0.444465;6.687988;,
   14.217133;0.998514;2.921204;,
   12.946529;0.444465;6.687988;,
   14.619435;0.929118;3.460251;,
   13.353197;0.558569;3.171463;,
   10.932448;0.944968;0.615082;,
   14.217133;0.998514;2.921204;,
   14.216600;1.029220;2.245712;,
   13.353197;0.558569;3.171463;,
   14.428859;0.536639;1.006149;,
   14.216600;1.029220;2.245712;,
   14.754955;0.987550;1.838577;,
   10.932448;0.944968;0.615082;,
   16.984278;0.362148;-1.440048;,
   14.754955;0.987550;1.838577;,
   15.426954;0.912655;1.834717;,
   14.428859;0.536639;1.006149;,
   16.984278;0.362148;-1.440048;,
   15.829285;0.843256;2.373764;,
   16.577566;0.248046;2.076508;,
   15.426954;0.912655;1.834717;,
   16.577566;0.248046;2.076508;,
   15.829784;0.812557;3.049271;,
   18.998309;-0.138350;4.632843;,
   15.829285;0.843256;2.373764;,
   15.291494;0.854218;3.456375;,
   18.998309;-0.138350;4.632843;,
   15.829784;0.812557;3.049271;,
   15.501915;0.269975;4.241791;,
   15.175835;-0.180940;3.409408;,
   12.946529;0.444465;6.687988;,
   14.503802;-0.106043;3.413254;,
   15.501915;0.269975;4.241791;,
   15.714162;-0.222606;3.002274;,
   15.501915;0.269975;4.241791;,
   15.175835;-0.180940;3.409408;,
   18.998309;-0.138350;4.632843;,
   16.577566;0.248046;2.076508;,
   15.714162;-0.222606;3.002274;,
   15.713667;-0.191906;2.326797;,
   18.998309;-0.138350;4.632843;,
   16.984278;0.362148;-1.440048;,
   15.713667;-0.191906;2.326797;,
   15.311322;-0.122503;1.787689;,
   16.577566;0.248046;2.076508;,
   16.984278;0.362148;-1.440048;,
   14.639312;-0.047607;1.791611;,
   14.428859;0.536639;1.006149;,
   15.311322;-0.122503;1.787689;,
   14.428859;0.536639;1.006149;,
   14.100946;-0.005941;2.198746;,
   10.932448;0.944968;0.615082;,
   14.639312;-0.047607;1.791611;,
   10.932448;0.944968;0.615082;,
   14.101478;-0.036641;2.874237;,
   13.353197;0.558569;3.171463;,
   14.100946;-0.005941;2.198746;,
   14.503802;-0.106043;3.413254;,
   13.353197;0.558569;3.171463;,
   14.101478;-0.036641;2.874237;,
   12.946529;0.444465;6.687988;,
   14.619435;0.929118;3.460251;,
   14.101478;-0.036641;2.874237;,
   14.217133;0.998514;2.921204;,
   14.503802;-0.106043;3.413254;,
   14.217133;0.998514;2.921204;,
   14.100946;-0.005941;2.198746;,
   14.216600;1.029220;2.245712;,
   14.101478;-0.036641;2.874237;,
   14.216600;1.029220;2.245712;,
   14.639312;-0.047607;1.791611;,
   14.754955;0.987550;1.838577;,
   14.100946;-0.005941;2.198746;,
   14.754955;0.987550;1.838577;,
   15.311322;-0.122503;1.787689;,
   15.426954;0.912655;1.834717;,
   14.639312;-0.047607;1.791611;,
   15.426954;0.912655;1.834717;,
   15.713667;-0.191906;2.326797;,
   15.829285;0.843256;2.373764;,
   15.311322;-0.122503;1.787689;,
   15.829285;0.843256;2.373764;,
   15.714162;-0.222606;3.002274;,
   15.829784;0.812557;3.049271;,
   15.713667;-0.191906;2.326797;,
   15.829784;0.812557;3.049271;,
   15.175835;-0.180940;3.409408;,
   15.291494;0.854218;3.456375;,
   15.714162;-0.222606;3.002274;,
   15.291494;0.854218;3.456375;,
   14.503802;-0.106043;3.413254;,
   14.619435;0.929118;3.460251;,
   15.175835;-0.180940;3.409408;,
   3.260314;11.544237;0.048279;,
   2.531719;12.006118;0.012787;,
   2.577065;11.767606;0.211441;,
   3.035605;11.782749;-0.107544;,
   2.031554;12.128928;-0.059601;,
   1.898861;11.890417;0.113297;,
   1.641559;12.160637;-0.259933;,
   1.370044;11.922125;-0.158356;,
   1.437907;12.084689;-0.529923;,
   1.093900;11.846178;-0.524460;,
   1.573470;11.915540;-0.845444;,
   1.277718;11.677029;-0.952286;,
   2.049697;11.754460;-0.939972;,
   1.923464;11.515950;-1.080460;,
   2.614461;11.591013;-0.870483;,
   2.689260;11.352502;-0.986237;,
   2.994271;11.528805;-0.669556;,
   3.204267;11.290293;-0.713791;,
   3.532374;11.446152;-0.532425;,
   3.870696;11.207642;-0.488907;,
   2.206774;11.914549;-0.399338;,
   2.358189;12.068349;-0.455689;,
   -5.130004;11.544237;0.048279;,
   -4.401409;12.006118;0.012787;,
   -4.905295;11.782749;-0.107544;,
   -4.446755;11.767606;0.211441;,
   -3.901244;12.128928;-0.059601;,
   -3.768551;11.890417;0.113297;,
   -3.511248;12.160637;-0.259933;,
   -3.239734;11.922125;-0.158356;,
   -3.307596;12.084689;-0.529923;,
   -2.963590;11.846178;-0.524460;,
   -3.443160;11.915540;-0.845444;,
   -3.147408;11.677029;-0.952286;,
   -3.919387;11.754460;-0.939972;,
   -3.793154;11.515950;-1.080460;,
   -4.484151;11.591013;-0.870483;,
   -4.558950;11.352502;-0.986237;,
   -4.863961;11.528805;-0.669556;,
   -5.073957;11.290293;-0.713791;,
   -5.402064;11.446152;-0.532425;,
   -5.740386;11.207642;-0.488907;,
   -4.076464;11.914549;-0.399338;,
   -4.227880;12.068349;-0.455689;,
   2.965406;10.761566;-2.351196;,
   2.027398;10.956175;-3.088776;,
   1.888224;10.996347;-2.885773;,
   3.034549;10.728413;-2.653458;,
   6.434770;9.026443;-3.022690;,
   5.322212;10.049437;-2.720932;,
   5.518215;9.920460;-2.421753;,
   6.119386;9.347818;-3.297699;,
   7.074400;8.324473;-4.218964;,
   6.675601;8.815140;-4.237412;,
   1.319432;10.987021;-3.856995;,
   1.147158;10.912283;-3.827164;,
   4.292405;10.446770;-2.213760;,
   4.234592;10.482817;-2.528290;,
   2.852187;10.576574;-2.153992;,
   1.808372;10.694275;-2.592392;,
   3.103691;10.321880;-2.955719;,
   2.101218;10.418266;-3.263153;,
   2.166572;10.542621;-3.291779;,
   3.068992;10.123210;-2.916107;,
   6.686385;8.443514;-2.930756;,
   5.783145;9.705066;-2.277740;,
   5.804002;9.295813;-3.572693;,
   5.157671;9.409315;-2.982605;,
   5.126209;9.805033;-3.020111;,
   5.857636;8.912304;-3.553268;,
   7.393278;7.892555;-4.252838;,
   6.276802;8.932426;-4.255859;,
   6.345902;8.557631;-4.258774;,
   0.992745;10.743538;-3.819824;,
   1.404276;10.570454;-3.877655;,
   1.491706;10.688378;-3.886810;,
   4.318731;10.360866;-1.912552;,
   4.176779;10.145483;-2.842804;,
   4.177183;9.819551;-2.799515;,
   0.885355;10.688378;-4.509735;,
   1.223515;10.519634;-3.885742;,
   0.885355;10.688378;-4.509735;,
   1.491706;10.688378;-3.886810;,
   2.166572;10.542621;-3.291779;,
   3.103691;10.321880;-2.955719;,
   4.176779;10.145483;-2.842804;,
   5.126209;9.805033;-3.020111;,
   5.804002;9.295813;-3.572693;,
   6.276802;8.932426;-4.255859;,
   6.263395;8.521738;-3.087997;,
   6.951131;9.493788;-2.697678;,
   5.908661;8.857007;-2.976929;,
   5.998812;9.095169;-3.407898;,
   6.353546;8.759901;-3.518967;,
   6.828722;7.984862;-3.850968;,
   7.590912;8.775286;-3.847809;,
   6.573929;8.388458;-3.700073;,
   6.564139;8.558291;-4.170868;,
   6.818933;8.154695;-4.321762;,
   -4.835096;10.761566;-2.351196;,
   -3.897088;10.956175;-3.088776;,
   -4.904239;10.728413;-2.653458;,
   -3.757914;10.996347;-2.885773;,
   -8.304459;9.026443;-3.022690;,
   -7.191902;10.049437;-2.720932;,
   -7.989076;9.347818;-3.297699;,
   -7.387905;9.920460;-2.421753;,
   -8.944090;8.324473;-4.218964;,
   -8.545291;8.815140;-4.237412;,
   -3.189122;10.987021;-3.856995;,
   -3.016848;10.912283;-3.827164;,
   -6.162094;10.446770;-2.213760;,
   -6.104282;10.482817;-2.528290;,
   -4.721877;10.576574;-2.153992;,
   -3.678062;10.694275;-2.592392;,
   -3.970908;10.418266;-3.263153;,
   -4.874704;9.987049;-2.856750;,
   -4.938682;10.123210;-2.916107;,
   -3.839039;10.355463;-3.228149;,
   -8.556075;8.443514;-2.930756;,
   -7.652835;9.705066;-2.277740;,
   -7.027361;9.409315;-2.982605;,
   -7.858976;8.572464;-3.538605;,
   -7.727326;8.912304;-3.553268;,
   -7.109908;9.081684;-2.927902;,
   -9.262968;7.892555;-4.252838;,
   -8.381497;8.209078;-4.293610;,
   -8.215591;8.557631;-4.258774;,
   -2.862435;10.743538;-3.819824;,
   -3.273966;10.570454;-3.877655;,
   -3.093205;10.519634;-3.885742;,
   -6.188421;10.360866;-1.912552;,
   -6.060636;9.566730;-2.731964;,
   -6.046873;9.819551;-2.799515;,
   -2.755044;10.688378;-4.509735;,
   -3.361396;10.688378;-3.886810;,
   -2.755044;10.688378;-4.509735;,
   -3.361396;10.688378;-3.886810;,
   -4.036262;10.542621;-3.291779;,
   -4.973381;10.321880;-2.955719;,
   -6.046469;10.145483;-2.842804;,
   -6.995899;9.805033;-3.020111;,
   -7.673692;9.295813;-3.572693;,
   -8.146493;8.932426;-4.255859;,
   -8.133086;8.521738;-3.087997;,
   -7.778351;8.857007;-2.976929;,
   -8.820821;9.493788;-2.697678;,
   -7.868502;9.095169;-3.407898;,
   -8.223236;8.759901;-3.518967;,
   -8.698412;7.984862;-3.850968;,
   -8.443620;8.388458;-3.700073;,
   -9.460602;8.775286;-3.847809;,
   -8.433830;8.558291;-4.170868;,
   -8.688622;8.154695;-4.321762;,
   -4.036262;10.542621;-3.291779;,
   -4.973381;10.321880;-2.955719;,
   -6.046469;10.145483;-2.842804;,
   -6.995899;9.805033;-3.020111;,
   -7.673692;9.295813;-3.572693;,
   -8.146493;8.932426;-4.255859;,
   1.969349;10.355463;-3.228149;,
   3.005014;9.987049;-2.856750;,
   4.190946;9.566730;-2.731964;,
   5.240218;9.081684;-2.927902;,
   5.989286;8.572464;-3.538605;,
   6.511806;8.209078;-4.293610;,
   7.393278;7.892555;-4.252838;,
   6.345902;8.557631;-4.258774;,
   7.074400;8.324473;-4.218964;,
   6.511806;8.209078;-4.293610;,
   7.074400;8.324473;-4.218964;,
   6.276802;8.932426;-4.255859;,
   6.675601;8.815140;-4.237412;,
   6.345902;8.557631;-4.258774;,
   -8.545291;8.815140;-4.237412;,
   -8.215591;8.557631;-4.258774;,
   -8.944090;8.324473;-4.218964;,
   -8.146493;8.932426;-4.255859;,
   -8.944090;8.324473;-4.218964;,
   -8.381497;8.209078;-4.293610;,
   -9.262968;7.892555;-4.252838;,
   -8.215591;8.557631;-4.258774;,
   -8.135035;8.494976;-5.580322;,
   -8.944090;8.324473;-4.053436;,
   -8.545291;8.815140;-4.071884;,
   -8.183365;8.436285;-5.412598;,
   -8.381497;8.209078;-4.128082;,
   -8.146493;8.932426;-4.090332;,
   7.074400;8.324473;-4.053436;,
   7.393278;7.892555;-4.087311;,
   6.313675;8.436285;-5.412598;,
   6.265345;8.494976;-5.580322;,
   6.511806;8.209078;-4.128082;,
   6.276802;8.932426;-4.090332;,
   6.675601;8.815140;-4.071884;,
   -9.262968;7.892555;-4.087311;,
   5.094755;9.104679;-6.789246;,
   5.132183;9.248546;-6.754776;,
   4.973586;9.229214;-6.839646;,
   5.253346;9.124014;-6.704392;,
   5.344943;9.222561;-7.215088;,
   5.790372;8.736343;-6.412033;,
   5.869454;8.874974;-6.379898;,
   5.732875;8.888741;-6.515579;,
   5.918947;8.757664;-6.295563;,
   6.191788;8.686486;-6.772370;,
   -7.660062;8.736343;-6.412033;,
   -7.739144;8.874974;-6.379898;,
   -7.788637;8.757664;-6.295563;,
   -7.602565;8.888741;-6.515579;,
   -8.061478;8.686486;-6.772370;,
   -6.964445;9.104679;-6.789246;,
   -7.001873;9.248546;-6.754776;,
   -7.123036;9.124014;-6.704392;,
   -6.843276;9.229214;-6.839646;,
   -7.214633;9.222561;-7.215088;,
   5.016830;8.077486;-4.446747;,
   4.607544;8.385595;-4.135284;,
   4.781327;8.255987;-3.936432;,
   4.782245;8.199462;-4.559296;,
   4.269491;8.534306;-3.800995;,
   4.367338;8.413027;-3.534180;,
   3.853642;8.673727;-3.588882;,
   3.854086;8.570338;-3.278961;,
   3.414141;8.791218;-3.519440;,
   3.307262;8.709850;-3.195435;,
   3.013311;8.877039;-3.599335;,
   2.808017;8.816011;-3.291565;,
   2.710254;8.919274;-3.820755;,
   2.434375;8.878566;-3.558121;,
   2.533829;8.892810;-4.162186;,
   2.242266;8.888978;-3.969086;,
   2.373596;8.769487;-4.590683;,
   2.114534;8.791875;-4.482819;,
   2.344571;8.676194;-5.065582;,
   2.082864;8.668183;-5.051148;,
   2.386946;8.668629;-5.547455;,
   2.139242;8.668554;-5.624939;,
   2.550844;8.700011;-5.992920;,
   2.361733;8.652219;-6.149262;,
   2.830595;8.652788;-6.333740;,
   2.698771;8.554417;-6.560150;,
   3.142011;8.564137;-6.548035;,
   3.060314;8.436846;-6.813065;,
   3.472421;8.464581;-6.621704;,
   3.435479;8.315478;-6.892883;,
   3.817149;8.365717;-6.558472;,
   3.827203;8.199749;-6.807586;,
   4.169831;8.273899;-6.375427;,
   4.237081;8.100618;-6.581390;,
   4.509716;8.196691;-6.089996;,
   4.650228;8.029464;-6.246307;,
   4.727432;8.115883;-5.592163;,
   4.945433;7.976177;-5.694397;,
   4.841403;8.109570;-5.032318;,
   5.084406;7.985774;-5.015747;,
   4.369654;8.471239;-4.350403;,
   4.505005;8.307126;-4.677887;,
   4.147738;8.610742;-4.092132;,
   3.834888;8.727494;-3.928284;,
   3.508106;8.821863;-3.874634;,
   3.210600;8.883389;-3.936310;,
   2.982659;8.894678;-4.107269;,
   2.776015;8.837670;-4.370972;,
   2.649210;8.725058;-4.701950;,
   2.623669;8.666461;-5.069473;,
   2.651593;8.649403;-5.448914;,
